Hadoop 案例6-----TopN问题：求最大的K个值并排序

1、需求分析

#orderid,userid,payment,productid
[root@x00 hd]# cat seventeen_a.txt
1,9819,100,121
2,8918,2000,111
3,2813,1234,22
4,9100,10,1101
5,3210,490,111
6,1298,28,1211
7,1010,281,90
8,1818,9000,20
[root@x00 hd]# cat seventeen_b.txt
100,3333,10,100
101,9321,1000,293
102,3881,701,20
103,6791,910,30
104,8888,11,39

预测结果：（求 Top N=5 的结果）
1	9000
2	2000
3	1234
4	1000
5	910



收获
    字符分隔处理
    在map进程进行记录当次，map中的最大值，把指定k个值输出（并把自己作为key和value）
    在R再在集合记录，再进程排序，最后把集合中的k个值输出


    